# N is up, E is left, in arcsec, [0,0] is on target
     -49.1244     -11.1521
	  -47.2811     -14.2857
	  -47.0968     -17.9724
	  -47.2811     -22.0276
     -48.0184     -23.6866
     -45.9908     -33.0876
     -43.2258     -39.5392
     -42.6728     -43.4101
     -41.1982     -44.8848
     -39.1705     -48.0184
     -36.9585     -50.2304
     -2.30415     -50.2304
      3.04147     -41.7512
      6.17512     -34.9309
      6.91244     -34.1936
      10.2304     -28.1106
      13.9171     -24.7926
      20.5530     -19.8157
      26.4516     -17.7880
      31.0599     -15.7604
      32.1659     -13.9171
      35.1152     -12.2581
      38.2488     -10.9677
      39.5392     -10.4147
      42.4885     -7.09677
      44.7005     0.276498
      46.5438      2.48848
      46.9124      3.04147
      47.0968      21.2903
      43.0415      28.2949
      39.5392      33.4562
      39.1705      38.0645
      36.9585      44.7005
      12.4424      45.0691
      11.7051      42.8571
      11.3364      39.9078
      10.7834      37.1429
      8.75576      35.4839
      5.25346      35.4839
      3.04147      36.5899
      2.30415      38.8018
     0.460829      39.1705
     -1.38249      40.4608
     -2.85714      43.0415
     -3.22581      44.7005
     -32.7189      44.8848
     -33.6406      42.3041
     -35.2995      40.6452
     -37.1429      39.9078
     -40.0922      39.7235
     -41.3825      39.7235
     -42.8571      39.3548
     -43.7788      39.1705
     -45.2535      35.8525
     -46.1751      31.0599
     -47.6498      27.3733
     -48.7558      25.8986
