       449.10400       668.14728
       313.41980       244.29395
       301.33871       784.19238
       450.34769       641.14410
       471.59540       671.59076
       468.26385       677.21210
       433.99979       678.88971
       817.85229       624.01196
       766.50793       699.89343
       952.57184       191.73724
       969.85620       154.61444
       889.00696       199.55205
       878.45978       194.53683
       820.67511       407.26160
       291.09598       531.16669
       307.31595       272.81543
       333.40881       265.56741
       343.55606       242.37375
       324.71121       216.28088
       295.71912       219.18008
       282.67270       246.72256
       760.73700       862.18469
       510.09003       961.06586
       585.69617       239.11188
       537.22125       128.76482
       444.12921       228.53903
       593.46875       842.29291
       155.72456       804.53113
       348.92227       515.52618
       620.54968       511.98120
       43.702110       853.23053
       55.084930       133.65349
       654.85052       749.52472
       975.59534       926.89441
      -28.213541       929.00616
       871.28491       75.238747
       270.78748      -3.6059151
